772 685
748 599
693 531
653 486
671 409
751 439
792 481
630 570
623 646
580 696
508 630
464 701
801 415
870 413
548 769
820 362
592 394
570 625
824 655
909 710
953 672
969 614
1023 560
872 619
694 641
998 721
1045 687
1027 789
1098 528
728 338
406 671
933 399
829 536
1093 600
695 289
367 727
458 785
991 432
1034 377
1053 461
639 229
568 282
496 327
454 252
423 365
470 170
559 185
558 338
399 278
394 452
410 526
362 563
318 522
496 532
1115 658
314 447
364 357
497 462
564 127
893 346
909 285
975 274
1011 193
953 155
868 167
802 191
1011 122
1069 310
1153 308
801 276
1090 187
364 626
454 593
1092 390
448 103
950 560
562 536
295 704
656 694
749 243
878 495
964 500
410 195
847 239
1107 240
745 154
828 726
863 773
643 130
697 209
1153 556
565 481
919 817
325 768
494 405
634 297
1033 633
913 221
395 776
662 61
550 830
983 338
265 625
714 709
454 842
1118 727
931 96
661 352
1049 253
767 538
820 821
262 534