772 685
748 599
693 531
653 486
671 409
751 439
792 481
630 570
623 646
580 696
508 630
464 701
801 415
870 413
548 769
820 362
592 394
570 625
824 655
909 710
953 672
969 614
1023 560
872 619
694 641
998 721
1045 687
1027 789
1098 528
728 338
406 671
933 399
829 536
1093 600
695 289
367 727
458 785
991 432
1034 377
1053 461
639 229
568 282
496 327
454 252
423 365
470 170
559 185
558 338
399 278
394 452
410 526
362 563
318 522
496 532
1115 658
314 447
364 357
497 462
564 127
893 346
909 285
975 274
1011 193
953 155
868 167
802 191
1011 122
1069 310
1153 308
801 276
1090 187
364 626
454 593
1092 390
448 103
950 560
562 536
295 704
656 694
749 243
878 495
964 500
410 195
847 239
1107 240
745 154
828 726
863 773
643 130
697 209
1153 556
565 481
919 817
325 768
494 405
634 297
1033 633
913 221
395 776
662 61
550 830
983 338
265 625
714 709
454 842
1118 727
931 96
661 352
1049 253
767 538
820 821
262 534
340 746
816 769
540 295
412 262
745 652
804 315
390 549
705 313
634 601
963 686
826 492
542 529
418 704
669 546
1063 355
906 581
555 719
481 376
546 669
417 500
1117 287
933 664
795 571
323 531
989 155
924 256
1001 461
855 646
1011 245
491 822
449 198
504 830
317 620
524 449
932 353
592 652
980 578
681 302
563 179
648 434
642 373
326 707
290 531
429 785
589 225
1098 235
339 609
1090 683
666 247
323 495
868 686
1115 572
996 772
362 673
797 444
1048 596
616 526
1070 643
455 350
915 145
751 690
462 540
654 666
437 148
732 195
992 390
616 113
411 356
500 790
801 695
473 298
688 105
904 793
799 228
865 389