772 685
748 599
675 600
654 500
617 418
544 482
462 540
400 473
685 345
657 258
603 656
512 702
768 379
874 363
323 531
751 219
843 178
857 670
946 692
977 603
1072 642
1077 565
565 269
481 327
415 731
362 673
412 262
1015 487
1038 396
983 319
1011 219
1092 213
932 470
563 179
878 238
867 531
1019 138
518 424
732 480
470 170
568 771
524 609
788 326
1117 287
953 155
411 356
407 581
636 151
613 539
976 751
458 785
906 581
818 445
858 747
296 635
933 399
314 447
941 281
1087 360
340 746
745 154
796 520
583 365
864 812
410 195
473 472
504 830
1021 677
498 247
1027 789
895 124
689 402
987 544
1098 473
464 650
262 534
1118 727
824 261
481 112
688 105
1126 622
656 694
613 316
607 727
587 123
239 642
1049 305
839 614
295 704
708 645
714 709
619 218
799 741
919 817
447 841
991 432
1153 556
974 243
789 184
1037 535
671 409
496 748
637 633
454 252
975 274
643 130
1032 668
820 362
826 492
991 802
868 167
610 490
388 236
988 170
434 509
669 546
620 140
498 657
634 297
1063 355
755 645
555 719
508 136
872 619
702 526
837 766
1011 357
718 381
829 536
491 822
726 617
914 269
866 582
1094 520
303 680
612 370
856 414
979 464
589 225
628 230
326 707
290 531
1115 658
265 625
465 720
497 462
564 127
1090 683
861 233
1119 336
990 698
323 495
1115 572
438 194
454 593
958 426
455 350
950 560
356 501
751 690
992 390
630 682
904 793
801 695
928 166
515 291
688 456
570 524
1117 249
385 706